ADC1 ADC2 tv_sec tv_usec M_STAT M_POS LVDT_DL LVDT actual_speed
12061749 8391097 178 499110 0 10999999 0 0 54280275
12094956 8391075 178 519238 0 10999972 0 0 54280141
11779152 8390746 178 539367 0 10999896 0 0 54279764
11183114 8390365 178 559498 0 10999774 0 0 54279158
10758551 8390244 178 579625 0 10999604 0 0 54278313
10707618 8390248 178 599753 0 10999387 0 0 54277235
10879108 8390383 178 619885 0 10999123 0 0 54275923
12009833 8391494 178 640016 0 10998812 0 0 54274378
14799265 8394622 178 660141 0 10998453 0 0 54272595
16777215 8399884 178 680271 0 10998048 0 0 54270583
16777215 8405899 178 700400 0 10997595 0 0 -11943
16777215 8411652 178 720528 0 10997095 0 0 -14293
16777215 8413600 178 740657 0 10996548 0 0 -16633
16777215 8409184 178 760786 0 10995954 0 0 -18978
16777215 8404476 178 780916 0 10995312 0 0 -21322
16777215 8402243 178 801044 4 10994624 0 0 -23662
16777215 8400289 178 821173 4 10993888 0 0 -26007
15908997 8397998 178 841302 4 10993105 0 0 -28352
14554962 8396477 178 861431 4 10992275 0 0 -30692
13809109 8395912 178 881561 4 10991398 0 0 -33037
13573931 8395440 178 901690 4 10990473 0 0 -35382
12647843 8394027 178 921818 4 10989512 0 0 -37672
12009658 8393418 178 941947 4 10988537 0 0 -39798
11793995 8393272 178 962076 0 10987551 0 0 -41746
11755272 8393191 178 982205 0 10986552 0 0 -43519
11503186 8392785 179 2334 0 10985543 0 0 -45114
11341482 8392505 179 22463 0 10984521 0 0 -46535
10919427 8391742 179 42592 0 10983487 0 0 -47782
10702443 8391499 179 62724 0 10982442 0 0 -48849
10616549 8391387 179 82853 0 10981385 0 0 -49744
10665203 8391499 179 102981 0 10980316 0 0 -50459
10822941 8392002 179 123112 4 10979235 0 0 -51055
11290519 8392725 179 143241 0 10978143 0 0 -51636
11713748 8393328 179 163370 0 10977039 0 0 -52222
11987979 8393653 179 183499 0 10975923 0 0 -52803
12179153 8394147 179 203628 0 10974795 0 0 -53395
12761257 8395003 179 223754 0 10973655 0 0 -53982
13643601 8396184 179 243887 0 10972504 0 0 -54562
15084475 8398082 179 264015 0 10971340 0 0 -55154
16777215 8407031 179 284143 0 10970165 0 0 -55740
16777215 8399843 179 304270 0 10968979 0 0 -56322
16777215 8401875 179 324399 0 10967780 0 0 -56909
16777215 8404917 179 344528 0 10966570 0 0 -57495
16777215 8402157 179 364657 0 10965347 0 0 -58086
16777215 8408523 179 384786 0 10964113 0 0 -58672
16777215 8411649 179 404916 0 10962868 0 0 -59253
16777215 8398025 179 425044 0 10961610 0 0 -59839
12554674 8392799 179 445173 0 10960341 0 0 -60426
16777215 8407033 179 465303 0 10959060 0 0 -61007
16777215 8411473 179 485432 0 10957767 0 0 -61593
16777215 8397380 179 505561 0 10956462 0 0 -62184
12458262 8392256 179 525689 0 10955145 0 0 -62770
16777215 8405555 179 545818 0 10953817 0 0 -63356
16777215 8412683 179 565947 0 10952477 0 0 -63938
16777215 8400739 179 586076 0 10951125 0 0 -64524
13721483 8391332 179 606205 0 10949761 0 0 -65115
14046564 8399059 179 626333 0 10948386 0 0 -65697
16777215 8411484 179 646462 0 10946999 0 0 -66283
16777215 8410010 179 666593 0 10945599 0 0 -66874
16777215 8397197 179 686722 0 10944189 0 0 -67455
12443228 8391349 179 706851 0 10942766 0 0 -68041
14810946 8400183 179 726979 16 10941331 0 0 -68627
16777215 8411374 179 747107 16 10939891 0 0 -69184
16777215 8411549 179 767237 16 10938451 0 0 -69681
16777215 8400575 179 787366 16 10937011 0 0 -70118
14760864 8391903 179 807494 16 10935572 0 0 -70491
11725997 8393717 179 827625 16 10934132 0 0 -70813
16777215 8403937 179 847753 16 10932692 0 0 -71076
16777215 8412458 179 867885 16 10931252 0 0 -71275
16777215 8411486 179 888014 16 10929812 0 0 -71423
16777215 8402282 179 908142 16 10928372 0 0 -71508
16169520 8393052 179 928271 16 10926932 0 0 -71533
11432796 8391456 179 948399 16 10925492 0 0 -71533
14071279 8398631 179 968530 16 10924053 0 0 -71528
16777215 8409391 179 988658 16 10922613 0 0 -71528
16777215 8413372 180 8786 16 10921173 0 0 -71533
16777215 8410443 180 28918 16 10919733 0 0 -71533
16777215 8402939 180 49046 16 10918293 0 0 -71533
16777215 8394023 180 69174 16 10916853 0 0 -71534
11865132 8390671 180 89304 16 10915413 0 0 -71534
12066524 8395124 180 109430 16 10913973 0 0 -71535
16777215 8404512 180 129559 16 10912533 0 0 -71535
16777215 8411408 180 149688 16 10911094 0 0 -71529
16777215 8413200 180 169817 16 10909654 0 0 -71535
16777215 8408539 180 189945 16 10908214 0 0 -71535
16777215 8401554 180 210075 16 10906774 0 0 -71534
16284134 8393160 180 230204 16 10905334 0 0 -71535
11817761 8390699 180 250332 16 10903894 0 0 -71535
11541951 8393778 180 270462 16 10902454 0 0 -71534
15921976 8400691 180 290590 16 10901015 0 0 -71530
16777215 8408632 180 310721 16 10899575 0 0 -71528
16777215 8413297 180 330849 16 10898135 0 0 -71528
16777215 8412581 180 350977 16 10896695 0 0 -71534
16777215 8407041 180 371107 16 10895255 0 0 -71534
16777215 8398793 180 391236 16 10893815 0 0 -71533
15753633 8392965 180 411364 16 10892375 0 0 -71534
11562388 8390764 180 431494 16 10890935 0 0 -71534
11390692 8393348 180 451623 16 10889495 0 0 -71533
15643494 8400648 180 471750 16 10888055 0 0 -71534
16777215 8408144 180 491882 16 10886615 0 0 -71538
16777215 8412847 180 512011 16 10885176 0 0 -71534
16777215 8412623 180 532139 16 10883736 0 0 -71534
16777215 8407691 180 552268 16 10882295 0 0 -71538
16777215 8400060 180 572396 16 10880856 0 0 -71534
16260904 8393478 180 592525 16 10879416 0 0 -71534
12156199 8390796 180 612655 16 10877976 0 0 -71533
11103726 8392461 180 632783 16 10876536 0 0 -71534
13710007 8397344 180 652912 16 10875096 0 0 -71534
16777215 8404792 180 673045 16 10873656 0 0 -71532
16777215 8410649 180 693173 16 10872216 0 0 -71533
16777215 8413343 180 713303 16 10870777 0 0 -71533
16777215 8412223 180 733430 16 10869337 0 0 -71533
16777215 8407204 180 753559 16 10867897 0 0 -71528
16777215 8400295 180 773689 16 10866457 0 0 -71533
16720204 8393946 180 793818 16 10865017 0 0 -71533
12244264 8390735 180 813946 16 10863577 0 0 -71533
11258142 8392889 180 834076 16 10862137 0 0 -71533
14602498 8398899 180 854204 16 10860697 0 0 -71533
16777215 8407451 180 874332 16 10859257 0 0 -71534
16777215 8412077 180 894463 16 10857818 0 0 -71528
16777215 8413244 180 914591 16 10856378 0 0 -71535
16777215 8410090 180 934719 16 10854938 0 0 -71534
16777215 8403232 180 954847 16 10853498 0 0 -71535
16777215 8395202 180 974977 16 10852058 0 0 -71534
13382183 8391356 180 995105 16 10850618 0 0 -71535
10955287 8391323 181 15235 16 10849178 0 0 -71534
12812608 8396291 181 35364 16 10847739 0 0 -71529
16777215 8403623 181 55492 16 10846299 0 0 -71529
16777215 8410550 181 75622 16 10844859 0 0 -71529
16777215 8413256 181 95752 16 10843419 0 0 -71534
16777215 8411310 181 115880 16 10841979 0 0 -71534
16777215 8405329 181 136010 16 10840539 0 0 -71533
16777215 8397790 181 156138 16 10839099 0 0 -71533
14597890 8391947 181 176266 16 10837659 0 0 -71534
11404922 8390932 181 196395 16 10836219 0 0 -71534
11977204 8394751 181 216525 16 10834779 0 0 -71534
16469232 8401423 181 236654 16 10833340 0 0 -71534
16777215 8408594 181 256782 16 10831899 0 0 -71539
16777215 8413108 181 276914 16 10830459 0 0 -71538
16777215 8412267 181 297042 16 10829020 0 0 -71534
16777215 8406540 181 317170 16 10827580 0 0 -71534
16777215 8399417 181 337298 16 10826140 0 0 -71535
15810796 8393074 181 357428 16 10824700 0 0 -71534
11594422 8390664 181 377556 16 10823260 0 0 -71534
11386386 8393349 181 397685 16 10821820 0 0 -71534
15131615 8399478 181 417815 16 10820380 0 0 -71534
16777215 8406472 181 437943 16 10818940 0 0 -71539
16777215 8412221 181 458073 16 10817500 0 0 -71533
16777215 8413196 181 478205 16 10816061 0 0 -71528
16777215 8409279 181 498333 16 10814621 0 0 -71533
16777215 8400726 181 518461 16 10813181 0 0 -71533
16460173 8393753 181 538591 16 10811741 0 0 -71532
11891072 8390762 181 558719 16 10810301 0 0 -71533
11336070 8392942 181 578850 16 10808861 0 0 -71532
14468977 8398622 181 598979 16 10807421 0 0 -71532
16777215 8406701 181 619106 16 10805981 0 0 -71533
16777215 8411539 181 639238 16 10804541 0 0 -71532
16777215 8413344 181 659363 16 10803102 0 0 -71529
16777215 8409974 181 679494 16 10801662 0 0 -71534
16777215 8402950 181 699623 16 10800222 0 0 -71534
16777215 8395791 181 719751 16 10798782 0 0 -71534
13470538 8391399 181 739879 16 10797342 0 0 -71534
11061918 8391388 181 760009 16 10795902 0 0 -71534
12640092 8395648 181 780137 16 10794462 0 0 -71535
16777215 8402487 181 800266 16 10793023 0 0 -71530
16777215 8408974 181 820394 16 10791583 0 0 -71529
16777215 8412900 181 840525 16 10790143 0 0 -71529
16777215 8412271 181 860653 16 10788703 0 0 -71534
16777215 8407921 181 880782 16 10787263 0 0 -71534
16777215 8401036 181 900910 16 10785823 0 0 -71534
16777215 8394909 181 921041 16 10784383 0 0 -71534
12984164 8391084 181 941169 16 10782943 0 0 -71534
11082416 8392034 181 961297 16 10781503 0 0 -71534
13472304 8396971 181 981427 16 10780064 0 0 -71529
16777215 8403620 182 1555 16 10778624 0 0 -71534
16777215 8410684 182 21684 16 10777184 0 0 -71534
16777215 8413226 182 41814 16 10775744 0 0 -71534
16777215 8411451 182 61943 16 10774304 0 0 -71534
16777215 8406453 182 82071 16 10772864 0 0 -71534
16777215 8399501 182 102202 16 10771424 0 0 -71533
16257051 8393395 182 122331 16 10769984 0 0 -71534
12044632 8390767 182 142459 16 10768544 0 0 -71534
11073281 8392341 182 162588 16 10767104 0 0 -71533
13669908 8397157 182 182716 16 10765664 0 0 -71539
16777215 8403606 182 202847 16 10764224 0 0 -71538
16777215 8410316 182 222975 16 10762785 0 0 -71533
16777215 8413244 182 243103 16 10761345 0 0 -71534
16777215 8412135 182 263233 16 10759905 0 0 -71534
16777215 8407053 182 283362 16 10758465 0 0 -71533
16777215 8399387 182 303494 16 10757025 0 0 -71533
16209671 8393463 182 323622 16 10755585 0 0 -71533
12102599 8390791 182 343751 16 10754145 0 0 -71533
11096776 8392498 182 363879 16 10752706 0 0 -71528
13823463 8397460 182 384011 16 10751265 0 0 -71532
16777215 8404545 182 404137 16 10749826 0 0 -71529
16777215 8410823 182 424268 16 10748386 0 0 -71533
16777215 8413229 182 444396 16 10746946 0 0 -71533
16777215 8411380 182 464525 16 10745506 0 0 -71533
16777215 8406413 182 484653 16 10744066 0 0 -71533
16777215 8398924 182 504782 16 10742626 0 0 -71534
16096284 8393366 182 524912 16 10741186 0 0 -71533
11922966 8390787 182 545040 16 10739746 0 0 -71534
11199063 8392676 182 565168 16 10738306 0 0 -71539
13998165 8397828 182 585296 16 10736867 0 0 -71530
16777215 8404482 182 605426 16 10735427 0 0 -71534
16777215 8410560 182 625555 16 10733987 0 0 -71535
16777215 8413233 182 645683 16 10732547 0 0 -71535
16777215 8411053 182 665814 16 10731107 0 0 -71534
16777215 8406438 182 685942 16 10729667 0 0 -71534
16777215 8398738 182 706070 16 10728227 0 0 -71534
15967213 8393465 182 726201 16 10726787 0 0 -71534
12069715 8390852 182 746329 16 10725348 0 0 -71529
11221119 8392704 182 766458 16 10723908 0 0 -71529
14362923 8398392 182 786587 16 10722468 0 0 -71533
16777215 8405468 182 806715 16 10721028 0 0 -71534
16777215 8411063 182 826844 16 10719588 0 0 -71534
16777215 8413270 182 846974 16 10718148 0 0 -71533
16777215 8410966 182 867102 16 10716708 0 0 -71534
16777215 8405393 182 887233 16 10715268 0 0 -71533
16777215 8397887 182 907361 16 10713828 0 0 -71533
15771986 8393292 182 927490 16 10712388 0 0 -71534
12081434 8390823 182 947620 16 10710949 0 0 -71533
11084266 8392271 182 967748 16 10709509 0 0 -71533
13837749 8397689 182 987876 16 10708069 0 0 -71534
16777215 8404930 183 8008 16 10706629 0 0 -71533
16777215 8411074 183 28134 16 10705189 0 0 -71534
16777215 8413258 183 48265 16 10703749 0 0 -71533
16777215 8410784 183 68393 16 10702309 0 0 -71533
16777215 8405449 183 88521 16 10700869 0 0 -71534
16777215 8397330 183 108654 16 10699429 0 0 -71533
14880397 8392479 183 128782 16 10697990 0 0 -71528
11485982 8390979 183 148911 16 10696549 0 0 -71538
11790208 8394109 183 169040 16 10695110 0 0 -71533
15900933 8400338 183 189168 16 10693670 0 0 -71533
16777215 8407355 183 209299 16 10692230 0 0 -71533
16777215 8412247 183 229427 16 10690790 0 0 -71533
16777215 8413097 183 249556 16 10689350 0 0 -71533
16777215 8409235 183 269684 16 10687910 0 0 -71533
16777215 8403216 183 289812 16 10686470 0 0 -71533
16777215 8395420 183 309941 16 10685030 0 0 -71535
13433049 8391349 183 330073 16 10683591 0 0 -71533
11091736 8391719 183 350200 16 10682151 0 0 -71529
12919659 8396047 183 370328 16 10680711 0 0 -71535
16777215 8402885 183 390458 16 10679271 0 0 -71534
16777215 8409145 183 410586 16 10677831 0 0 -71535
16777215 8412800 183 430714 16 10676391 0 0 -71535
16777215 8412106 183 450843 16 10674951 0 0 -71535
16777215 8407097 183 470972 16 10673511 0 0 -71534
16777215 8400367 183 491102 16 10672072 0 0 -71529
16474462 8393720 183 511230 16 10670632 0 0 -71529
12437296 8391020 183 531359 16 10669192 0 0 -71535
11207621 8392478 183 551490 16 10667752 0 0 -71534
14122732 8398032 183 571618 16 10666312 0 0 -71534
16777215 8405802 183 591746 16 10664872 0 0 -71534
16777215 8411321 183 611876 16 10663432 0 0 -71534
16777215 8413339 183 632006 16 10661992 0 0 -71533
16777215 8411087 183 652135 16 10660552 0 0 -71533
16777215 8405018 183 672263 16 10659112 0 0 -71533
16777215 8398084 183 692391 16 10657673 0 0 -71534
14887425 8392335 183 712520 16 10656233 0 0 -71534
11492479 8390773 183 732651 16 10654793 0 0 -71533
11774489 8394226 183 752779 16 10653353 0 0 -71534
15454375 8399229 183 772907 16 10651912 0 0 -71539
16777215 8406543 183 793036 16 10650473 0 0 -71534
16777215 8412078 183 813164 16 10649033 0 0 -71534
16777215 8413118 183 833296 16 10647593 0 0 -71534
16777215 8409603 183 853424 16 10646154 0 0 -71529
16777215 8403224 183 873552 16 10644713 0 0 -71534
16777215 8396964 183 893682 16 10643274 0 0 -71533
14362962 8392045 183 913814 16 10641834 0 0 -71533
11363319 8390825 183 933942 16 10640394 0 0 -71533
11893574 8394246 183 954071 16 10638954 0 0 -71533
15729399 8400026 183 974199 16 10637514 0 0 -71528
16777215 8408009 183 994330 16 10636074 0 0 -71532
16777215 8412361 184 14458 16 10634634 0 0 -71532
16777215 8413095 184 34587 16 10633194 0 0 -71533
16777215 8409347 184 54715 16 10631754 0 0 -71538
16777215 8402814 184 74847 16 10630315 0 0 -71527
16777215 8396053 184 94972 16 10628875 0 0 -71534
13507013 8391466 184 115103 16 10627435 0 0 -71534
11113145 8391317 184 135233 16 10625995 0 0 -71533
13034284 8396605 184 155360 16 10624555 0 0 -71534
16777215 8402806 184 175488 16 10623115 0 0 -71534
16777215 8410477 184 195617 16 10621675 0 0 -71535
16777215 8413303 184 215746 16 10620236 0 0 -71529
16777215 8411717 184 235874 16 10618796 0 0 -71530
16777215 8406156 184 256004 16 10617356 0 0 -71529
16777215 8399354 184 276133 16 10615916 0 0 -71535
15697124 8392873 184 296261 16 10614476 0 0 -71534
11669292 8390919 184 316390 16 10613036 0 0 -71534
11488418 8393367 184 336521 16 10611596 0 0 -71535
15485728 8400161 184 356649 16 10610156 0 0 -71534
16777215 8406526 184 376778 16 10608716 0 0 -71534
16777215 8412056 184 396907 16 10607276 0 0 -71534
16777215 8413211 184 417036 16 10605837 0 0 -71534
16777215 8409995 184 437164 16 10604397 0 0 -71534
16777215 8404364 184 457293 16 10602957 0 0 -71534
16777215 8397817 184 477423 16 10601517 0 0 -71534
14531246 8391956 184 497552 16 10600077 0 0 -71533
11357426 8391156 184 517681 16 10598637 0 0 -71533
12435874 8395456 184 537809 16 10597197 0 0 -71534
16777215 8402764 184 557940 16 10595757 0 0 -71533
16777215 8409165 184 578068 16 10594317 0 0 -71534
16777215 8413117 184 598198 16 10592877 0 0 -71533
16777215 8411746 184 618326 16 10591437 0 0 -71539
16777215 8406269 184 638455 16 10589997 0 0 -71538
16777215 8399553 184 658583 16 10588558 0 0 -71534
16603170 8394043 184 678714 16 10587118 0 0 -71533
12308264 8390879 184 698842 16 10585678 0 0 -71534
11141572 8392251 184 718970 16 10584238 0 0 -71534
13783912 8397511 184 739103 16 10582798 0 0 -71533
16777215 8404050 184 759230 16 10581358 0 0 -71533
16777215 8410659 184 779360 16 10579918 0 0 -71533
16777215 8413219 184 799489 16 10578479 0 0 -71528
16777215 8411801 184 819617 16 10577039 0 0 -71528
16777215 8405729 184 839748 16 10575599 0 0 -71528
16777215 8399189 184 859876 16 10574159 0 0 -71533
15768442 8392936 184 880006 16 10572719 0 0 -71533
11600205 8390906 184 900132 16 10571279 0 0 -71534
11642945 8393728 184 920263 16 10569839 0 0 -71533
16104871 8401019 184 940391 16 10568399 0 0 -71534
16777215 8407778 184 960521 16 10566959 0 0 -71534
16777215 8412221 184 980649 16 10565520 0 0 -71529
16777215 8413084 185 777 16 10564080 0 0 -71534
16777215 8409998 185 20906 16 10562639 0 0 -71539
16777215 8403052 185 41036 16 10561200 0 0 -71534
16777215 8396242 185 61164 16 10559760 0 0 -71534
13881102 8391621 185 81292 16 10558320 0 0 -71535
11082386 8391166 185 101421 16 10556880 0 0 -71534
12074893 8394732 185 121551 16 10555440 0 0 -71534
16613524 8401347 185 141679 16 10554001 0 0 -71529
16777215 8407305 185 161810 16 10552561 0 0 -71529
16777215 8412426 185 181938 16 10551121 0 0 -71534
16777215 8412974 185 202068 16 10549681 0 0 -71533
16777215 8409681 185 222196 16 10548241 0 0 -71529
16777215 8402586 185 242324 16 10546801 0 0 -71534
16777215 8395383 185 262455 16 10545361 0 0 -71533
13326381 8391394 185 282583 16 10543921 0 0 -71533
11170251 8391983 185 302711 16 10542481 0 0 -71534
13222328 8396588 185 322840 16 10541041 0 0 -71534
16777215 8404303 185 342971 16 10539601 0 0 -71538
16777215 8410220 185 363099 16 10538162 0 0 -71534
16777215 8413172 185 383228 16 10536722 0 0 -71534
16777215 8410923 185 403357 16 10535282 0 0 -71534
16777215 8404098 185 423486 16 10533842 0 0 -71534
16777215 8396487 185 443614 16 10532402 0 0 -71534
14045060 8391779 185 463745 16 10530962 0 0 -71534
11229356 8391578 185 483873 16 10529522 0 0 -71534
12694532 8395454 185 504003 16 10528082 0 0 -71533
16777215 8401473 185 524131 16 10526642 0 0 -71533
16777215 8409006 185 544263 16 10525202 0 0 -71533
16777215 8412684 185 564391 16 10523763 0 0 -71533
16777215 8412680 185 584520 16 10522323 0 0 -71533
16777215 8408553 185 604649 16 10520883 0 0 -71533
16777215 8400905 185 624777 16 10519443 0 0 -71533
16777215 8394382 185 644907 16 10518003 0 0 -71533
12585273 8391056 185 665037 16 10516563 0 0 -71533
11265441 8392601 185 685165 16 10515123 0 0 -71533
14358502 8398309 185 705294 16 10513683 0 0 -71533
16777215 8404922 185 725425 16 10512243 0 0 -71533
16777215 8411590 185 745550 16 10510804 0 0 -71529
16777215 8413149 185 765681 16 10509364 0 0 -71534
16777215 8409468 185 785808 16 10507924 0 0 -71535
16777215 8403319 185 805937 16 10506484 0 0 -71534
16777215 8396318 185 826065 16 10505044 0 0 -71534
14217791 8392056 185 846195 16 10503604 0 0 -71534
11304899 8390899 185 866324 16 10502164 0 0 -71535
11551967 8393572 185 886451 16 10500724 0 0 -71535
15059616 8399163 185 906582 16 10499285 0 0 -71529
16777215 8406253 185 926710 16 10497845 0 0 -71530
16777215 8411681 185 946840 16 10496405 0 0 -71534
16777215 8413250 185 966970 16 10494965 0 0 -71534
16777215 8409958 185 987099 16 10493525 0 0 -71533
16777215 8404524 186 7227 16 10492085 0 0 -71534
16777215 8397273 186 27355 16 10490645 0 0 -71534
14592744 8392278 186 47486 16 10489205 0 0 -71533
11360507 8390964 186 67614 16 10487766 0 0 -71529
11721781 8393933 186 87742 16 10486326 0 0 -71528
15715991 8400035 186 107873 16 10484886 0 0 -71533
16777215 8406754 186 128002 16 10483446 0 0 -71533
16777215 8411977 186 148132 16 10482006 0 0 -71533
16777215 8413239 186 168260 16 10480566 0 0 -71534
16777215 8410463 186 188388 16 10479126 0 0 -71534
16777215 8405143 186 208516 16 10477686 0 0 -71534
16777215 8397495 186 228646 16 10476246 0 0 -71533
15052297 8392671 186 248774 16 10474806 0 0 -71534
11593407 8390821 186 268903 16 10473366 0 0 -71539
11520532 8393467 186 289034 16 10471926 0 0 -71538
15296658 8399451 186 309163 16 10470487 0 0 -71534
16777215 8406000 186 329291 16 10469047 0 0 -71534
16777215 8411061 186 349423 16 10467607 0 0 -71533
16777215 8413238 186 369551 16 10466167 0 0 -71533
16777215 8411367 186 389681 16 10464727 0 0 -71532
16777215 8406728 186 409809 16 10463287 0 0 -71532
16777215 8398922 186 429937 16 10461847 0 0 -71533
16076272 8393533 186 450067 16 10460407 0 0 -71533
12147192 8390970 186 470195 16 10458967 0 0 -71533
11314641 8392892 186 490326 16 10457528 0 0 -71528
14715673 8398613 186 510454 16 10456088 0 0 -71533
16777215 8405170 186 530582 16 10454648 0 0 -71533
16777215 8411003 186 550710 16 10453208 0 0 -71534
16777215 8413194 186 570841 16 10451768 0 0 -71533
16777215 8411259 186 590968 16 10450328 0 0 -71535
16777215 8406616 186 611097 16 10448888 0 0 -71534
16777215 8399273 186 631225 16 10447448 0 0 -71534
16237959 8393762 186 651354 16 10446009 0 0 -71530
12250140 8391021 186 671484 16 10444569 0 0 -71529
11182353 8392314 186 691612 16 10443129 0 0 -71535
14205564 8398090 186 711742 16 10441689 0 0 -71534
16777215 8405030 186 731870 16 10440249 0 0 -71534
16777215 8410963 186 752002 16 10438809 0 0 -71533
16777215 8413169 186 772130 16 10437369 0 0 -71534
16777215 8410692 186 792259 16 10435929 0 0 -71533
16777215 8405575 186 812387 16 10434489 0 0 -71534
16777215 8397451 186 832516 16 10433050 0 0 -71528
14558012 8392250 186 852645 16 10431610 0 0 -71533
11369241 8391280 186 872773 16 10430170 0 0 -71534
12180803 8394608 186 892903 16 10428730 0 0 -71533
16162048 8400655 186 913033 16 10427290 0 0 -71533
16777215 8407674 186 933161 16 10425850 0 0 -71533
16777215 8412448 186 953290 16 10424410 0 0 -71534
16777215 8412865 186 973418 16 10422970 0 0 -71534
16777215 8408771 186 993549 16 10421530 0 0 -71533
16777215 8402986 187 13677 16 10420091 0 0 -71528
16777215 8395733 187 33806 16 10418650 0 0 -71539
13761473 8391881 187 53934 16 10417210 0 0 -71539
11235348 8391252 187 74064 16 10415771 0 0 -71533
12297916 8394890 187 94192 16 10414331 0 0 -71534
16471146 8400978 187 114323 16 10412891 0 0 -71534
16777215 8408037 187 134451 16 10411451 0 0 -71534
16777215 8412536 187 154583 16 10410011 0 0 -71533
16777215 8412981 187 174711 16 10408571 0 0 -71533
16777215 8409100 187 194840 16 10407131 0 0 -71533
16777215 8403201 187 214968 16 10405691 0 0 -71538
16777215 8395323 187 235099 16 10404251 0 0 -71533
13003357 8391215 187 255227 16 10402812 0 0 -71528
11057901 8391475 187 275355 16 10401372 0 0 -71533
12613765 8395469 187 295486 16 10399932 0 0 -71532
16777215 8402676 187 315614 16 10398492 0 0 -71533
16777215 8409236 187 335744 16 10397052 0 0 -71533
16777215 8413004 187 355872 16 10395612 0 0 -71534
16777215 8411999 187 376003 16 10394172 0 0 -71533
16777215 8406423 187 396129 16 10392732 0 0 -71534
16777215 8399719 187 416257 16 10391292 0 0 -71534
15995828 8393328 187 436386 16 10389853 0 0 -71530
11825153 8390819 187 456514 16 10388413 0 0 -71535
11483019 8393325 187 476644 16 10386973 0 0 -71534
14877395 8398689 187 496773 16 10385533 0 0 -71535
16777215 8406160 187 516900 16 10384093 0 0 -71535
16777215 8411646 187 537034 16 10382653 0 0 -71534
16777215 8413131 187 557159 16 10381213 0 0 -71534
16777215 8409742 187 577290 16 10379773 0 0 -71535
16777215 8402841 187 597419 16 10378334 0 0 -71529
16777215 8395847 187 617547 16 10376894 0 0 -71529
13497940 8391504 187 637675 16 10375454 0 0 -71534
11031422 8391333 187 657805 16 10374014 0 0 -71533
12659104 8395778 187 677933 16 10372574 0 0 -71534
16777215 8401979 187 698063 16 10371134 0 0 -71534
16777215 8409137 187 718192 16 10369694 0 0 -71533
16777215 8412838 187 738320 16 10368254 0 0 -71535
16777215 8412572 187 758450 16 10366814 0 0 -71533
16777215 8408110 187 778580 16 10365375 0 0 -71529
16777215 8402036 187 798708 16 10363935 0 0 -71534
16777215 8395191 187 818838 16 10362495 0 0 -71533
13007746 8391211 187 838966 16 10361055 0 0 -71533
10997381 8391443 187 859096 16 10359615 0 0 -71533
13096243 8396623 187 879224 16 10358175 0 0 -71533
16777215 8403346 187 899352 16 10356735 0 0 -71534
16777215 8410147 187 919483 16 10355295 0 0 -71533
16777215 8413213 187 939611 16 10353855 0 0 -71533
16777215 8411573 187 959739 16 10352415 0 0 -71534
16777215 8406186 187 979871 16 10350976 0 0 -71533
16777215 8398102 188 2 16 10349536 0 0 -71532
14841129 8392383 188 20128 16 10348096 0 0 -71534
11461830 8391063 188 40259 16 10346656 0 0 -71533
11992383 8394578 188 60387 16 10345216 0 0 -71533
16562117 8401445 188 80517 16 10343776 0 0 -71533
16777215 8408016 188 100645 16 10342336 0 0 -71533
16777215 8412676 188 120774 16 10340896 0 0 -71533
16777215 8412602 188 140902 16 10339456 0 0 -71533
16777215 8408263 188 161034 16 10338016 0 0 -71532
16777215 8401477 188 181161 16 10336577 0 0 -71534
16777215 8395113 188 201289 16 10335137 0 0 -71535
12749319 8391047 188 221417 16 10333697 0 0 -71534
11077874 8391766 188 241547 16 10332257 0 0 -71534
13219269 8396672 188 261675 16 10330817 0 0 -71534
16777215 8403312 188 281803 16 10329377 0 0 -71535
16777215 8408839 188 301934 16 10327937 0 0 -71534
16777215 8412757 188 322061 16 10326498 0 0 -71530
16777215 8412412 188 342192 16 10325058 0 0 -71529
16777215 8407942 188 362320 16 10323618 0 0 -71530
16777215 8400666 188 382448 16 10322178 0 0 -71534
16663934 8393956 188 402578 16 10320738 0 0 -71534
12105283 8390877 188 422708 16 10319298 0 0 -71533
11161012 8392328 188 442835 16 10317858 0 0 -71534
14115797 8398013 188 462966 16 10316418 0 0 -71533
16777215 8404777 188 483093 16 10314978 0 0 -71534
16777215 8410216 188 503222 16 10313538 0 0 -71534
16777215 8413138 188 523352 16 10312099 0 0 -71533
16777215 8411995 188 543480 16 10310659 0 0 -71534
16777215 8406778 188 563609 16 10309219 0 0 -71534
16777215 8399766 188 583739 16 10307779 0 0 -71533
16777215 8394360 188 603869 16 10306339 0 0 -71533
12326807 8390913 188 623997 16 10304899 0 0 -71534
11063528 8392043 188 644126 16 10303459 0 0 -71533
13598451 8397066 188 664254 16 10302019 0 0 -71534
16777215 8403865 188 684384 16 10300579 0 0 -71533
16777215 8410414 188 704513 16 10299140 0 0 -71528
16777215 8413122 188 724641 16 10297699 0 0 -71539
16777215 8412127 188 744772 16 10296260 0 0 -71533
16777215 8406453 188 764900 16 10294820 0 0 -71533
16777215 8399139 188 785032 16 10293380 0 0 -71533
16113326 8393346 188 805161 16 10291940 0 0 -71533
11847819 8390897 188 825289 16 10290500 0 0 -71533
11496556 8393358 188 845419 16 10289060 0 0 -71533
15971911 8400674 188 865547 16 10287620 0 0 -71533
16777215 8407431 188 885676 16 10286180 0 0 -71533
16777215 8412535 188 905804 16 10284741 0 0 -71533
16777215 8412786 188 925935 16 10283301 0 0 -71527
16777215 8408991 188 946062 16 10281861 0 0 -71534
16777215 8402332 188 966194 16 10280421 0 0 -71533
16777215 8395678 188 986319 16 10278981 0 0 -71535
13771543 8391759 189 6450 16 10277541 0 0 -71534
11159431 8391347 189 26578 16 10276101 0 0 -71534
12304630 8395047 189 46706 16 10274661 0 0 -71535
16777215 8402014 189 66834 16 10273222 0 0 -71530
16777215 8408400 189 86964 16 10271782 0 0 -71529
16777215 8412914 189 107092 16 10270342 0 0 -71534
16777215 8412752 189 127223 16 10268902 0 0 -71534
16777215 8407999 189 147351 16 10267462 0 0 -71534
16777215 8401342 189 167479 16 10266022 0 0 -71535
16777215 8395247 189 187608 16 10264582 0 0 -71534
13380854 8391410 189 207739 16 10263142 0 0 -71534
11145050 8391699 189 227867 16 10261703 0 0 -71529
12971548 8396218 189 247996 16 10260262 0 0 -71534
16777215 8403426 189 268125 16 10258823 0 0 -71533
16777215 8409767 189 288253 16 10257383 0 0 -71534
16777215 8413196 189 308384 16 10255943 0 0 -71533
16777215 8412076 189 328512 16 10254503 0 0 -71534
16777215 8407041 189 348640 16 10253063 0 0 -71534
16777215 8400405 189 368768 16 10251623 0 0 -71534
16477115 8393762 189 388899 16 10250183 0 0 -71533
12094316 8390919 189 409030 16 10248743 0 0 -71533
11451928 8393130 189 429158 16 10247303 0 0 -71538
14855736 8399132 189 449286 16 10245864 0 0 -71529
16777215 8406339 189 469415 16 10244423 0 0 -71539
16777215 8411664 189 489543 16 10242984 0 0 -71534
16777215 8412839 189 509672 16 10241544 0 0 -71534
16777215 8409172 189 529802 16 10240104 0 0 -71534
16777215 8401681 189 549931 16 10238664 0 0 -71533
16777215 8395207 189 570059 16 10237224 0 0 -71533
12984388 8391253 189 590192 16 10235784 0 0 -71533
11109336 8391885 189 610320 16 10234344 0 0 -71534
13481279 8396797 189 630450 16 10232904 0 0 -71533
16777215 8403812 189 650578 16 10231465 0 0 -71533
16777215 8410438 189 670707 16 10230025 0 0 -71528
16777215 8413165 189 690837 16 10228585 0 0 -71532
16777215 8411250 189 710965 16 10227145 0 0 -71533
16777215 8405864 189 731093 16 10225705 0 0 -71533
16777215 8398043 189 751223 16 10224265 0 0 -71533
15432578 8393015 189 771349 16 10222825 0 0 -71534
11698668 8390913 189 791481 16 10221385 0 0 -71534
11398316 8393049 189 811610 16 10219946 0 0 -71528
14592982 8398372 189 831737 16 10218506 0 0 -71530
16777215 8405170 189 851866 16 10217066 0 0 -71535
16777215 8410799 189 871996 16 10215626 0 0 -71534
16777215 8413106 189 892123 16 10214186 0 0 -71535
16777215 8411396 189 912252 16 10212746 0 0 -71535
16777215 8406598 189 932382 16 10211306 0 0 -71534
16777215 8398280 189 952511 16 10209866 0 0 -71534
15215005 8392879 189 972639 16 10208426 0 0 -71534
11753585 8390967 189 992771 16 10206987 0 0 -71529
11463204 8393161 190 12897 16 10205547 0 0 -71535
14711662 8398601 190 33028 16 10204107 0 0 -71533
16777215 8405272 190 53156 16 10202667 0 0 -71533
16777215 8411272 190 73284 16 10201227 0 0 -71534
16777215 8413234 190 93415 16 10199787 0 0 -71533
16777215 8410971 190 113543 16 10198347 0 0 -71533
16777215 8405489 190 133671 16 10196907 0 0 -71534
16777215 8398076 190 153799 16 10195467 0 0 -71534
15245022 8392943 190 173930 16 10194027 0 0 -71533
11801437 8390866 190 194058 16 10192588 0 0 -71534
11217270 8392502 190 214189 16 10191148 0 0 -71533
14057853 8397698 190 234317 16 10189708 0 0 -71534
16777215 8404239 190 254447 16 10188268 0 0 -71533
16777215 8410743 190 274575 16 10186828 0 0 -71533
16777215 8413207 190 294703 16 10185388 0 0 -71534
16777215 8410663 190 314834 16 10183948 0 0 -71533
16777215 8405677 190 334962 16 10182508 0 0 -71533
16777215 8398401 190 355090 16 10181068 0 0 -71533
15264403 8392935 190 375220 16 10179628 0 0 -71534
11663542 8390866 190 395351 16 10178189 0 0 -71533
11550316 8393444 190 415481 16 10176749 0 0 -71533
15304502 8399595 190 435609 16 10175309 0 0 -71533
16777215 8406294 190 455737 16 10173869 0 0 -71534
16777215 8411516 190 475868 16 10172429 0 0 -71533
16777215 8413270 190 495996 16 10170989 0 0 -71533
16777215 8410120 190 516124 16 10169549 0 0 -71534
16777215 8404856 190 536255 16 10168109 0 0 -71533
16777215 8398241 190 556383 16 10166670 0 0 -71528
15321509 8393013 190 576512 16 10165229 0 0 -71533
11736911 8390896 190 596641 16 10163790 0 0 -71534
11461912 8393154 190 616771 16 10162350 0 0 -71534
15115186 8399379 190 636898 16 10160910 0 0 -71534
16777215 8406283 190 657028 16 10159470 0 0 -71533
16777215 8411768 190 677154 16 10158030 0 0 -71535
16777215 8413003 190 697284 16 10156590 0 0 -71534
16777215 8408915 190 717413 16 10155151 0 0 -71529
16777215 8401986 190 737541 16 10153711 0 0 -71530
16777215 8395096 190 757670 16 10152271 0 0 -71535
12952753 8391282 190 777800 16 10150831 0 0 -71529
11095484 8391622 190 797928 16 10149391 0 0 -71534
12830584 8395608 190 818059 16 10147951 0 0 -71534
16777215 8402055 190 838188 16 10146511 0 0 -71534
16777215 8407955 190 858316 16 10145071 0 0 -71535
16777215 8412495 190 878444 16 10143631 0 0 -71534
16777215 8412828 190 898574 16 10142191 0 0 -71534
16777215 8408832 190 918703 16 10140752 0 0 -71534
16777215 8401951 190 938831 16 10139312 0 0 -71534
16777215 8394972 190 958962 16 10137871 0 0 -71538
12689964 8391125 190 979089 16 10136432 0 0 -71534
11174027 8392111 190 999217 16 10134992 0 0 -71534
13516401 8396552 191 19349 16 10133552 0 0 -71534
16777215 8403591 191 39477 16 10132112 0 0 -71534
16777215 8409814 191 59605 16 10130672 0 0 -71534
16777215 8413013 191 79735 16 10129233 0 0 -71528
16777215 8411781 191 99863 16 10127792 0 0 -71534
16777215 8406504 191 119992 16 10126352 0 0 -71539
16777215 8400512 191 140121 16 10124913 0 0 -71534
16564946 8393860 191 160250 16 10123473 0 0 -71529
12308538 8391018 191 180380 16 10122033 0 0 -71533
11197737 8392234 191 200508 16 10120593 0 0 -71533
14003801 8397482 191 220640 16 10119153 0 0 -71533
16777215 8403875 191 240769 16 10117713 0 0 -71533
16777215 8410122 191 260898 16 10116273 0 0 -71532
16777215 8413047 191 281028 16 10114833 0 0 -71538
16777215 8411715 191 301156 16 10113393 0 0 -71533
16777215 8406343 191 321284 16 10111954 0 0 -71528
16777215 8398796 191 341414 16 10110514 0 0 -71533
15377580 8392938 191 361543 16 10109074 0 0 -71533
11661040 8390869 191 381671 16 10107634 0 0 -71533
11577378 8393504 191 401802 16 10106194 0 0 -71533
15790440 8400148 191 421930 16 10104754 0 0 -71534
16777215 8408051 191 442059 16 10103314 0 0 -71534
16777215 8412697 191 462186 16 10101874 0 0 -71535
16777215 8412628 191 482316 16 10100434 0 0 -71534
16777215 8408677 191 502444 16 10098995 0 0 -71529
16777215 8402255 191 522573 16 10097555 0 0 -71534
16777215 8395462 191 542701 16 10096115 0 0 -71535
13144590 8391324 191 562831 16 10094675 0 0 -71534
11071931 8391602 191 582959 16 10093235 0 0 -71534
12887104 8395974 191 603090 16 10091795 0 0 -71534
16777215 8402886 191 623218 16 10090355 0 0 -71534
16777215 8409240 191 643346 16 10088915 0 0 -71535
16777215 8412975 191 663477 16 10087476 0 0 -71528
16777215 8411858 191 683605 16 10086036 0 0 -71529
16777215 8406315 191 703733 16 10084596 0 0 -71534
16777215 8398902 191 723862 16 10083156 0 0 -71534
15138781 8392658 191 743992 16 10081716 0 0 -71533
11536287 8391010 191 764120 16 10080276 0 0 -71534
11751430 8393800 191 784250 16 10078836 0 0 -71533
15781054 8400288 191 804378 16 10077396 0 0 -71534
16777215 8407446 191 824510 16 10075956 0 0 -71533
16777215 8412099 191 844638 16 10074517 0 0 -71528
16777215 8413091 191 864766 16 10073076 0 0 -71539
16777215 8409946 191 884896 16 10071637 0 0 -71533
16777215 8403118 191 905026 16 10070196 0 0 -71538
16777215 8396048 191 925151 16 10068756 0 0 -71539
13139401 8391320 191 945282 16 10067317 0 0 -71534
11110249 8391757 191 965410 16 10065877 0 0 -71534
13141402 8396235 191 985540 16 10064437 0 0 -71534
16777215 8402374 192 5668 16 10062997 0 0 -71534
16777215 8409534 192 25801 16 10061557 0 0 -71533
16777215 8412882 192 45929 16 10060117 0 0 -71538
16777215 8412011 192 66057 16 10058677 0 0 -71533
16777215 8406737 192 86187 16 10057238 0 0 -71533
16777215 8400267 192 106316 0 10055798 0 0 -71529
16777215 8394459 192 126445 0 10054364 0 0 -71497
12275140 8390926 192 146574 0 10052942 0 0 -71414
11132462 8392200 192 166703 0 10051532 0 0 -71264
14073353 8397802 192 186832 0 10050134 0 0 -71056
16777215 8404930 192 206962 0 10048747 0 0 -70792
16777215 8410588 192 227090 0 10047372 0 0 -70471
16777215 8413110 192 247219 0 10046009 0 0 -70088
16777215 8411685 192 267347 0 10044658 0 0 -69646
16777215 8406889 192 287475 0 10043319 0 0 -69150
16777215 8400401 192 307605 0 10041991 0 0 -68593
16777215 8395163 192 327734 0 10040676 0 0 -68002
13001771 8391362 192 347862 0 10039372 0 0 -67416
11147677 8391358 192 367991 0 10038079 0 0 -66835
12317983 8394870 192 388120 0 10036799 0 0 -66248
16276984 8400516 192 408248 0 10035530 0 0 -65662
16777215 8406701 192 428377 0 10034274 0 0 -65071
16777215 8411207 192 448506 0 10033028 0 0 -64490
16777215 8413000 192 468636 0 10031795 0 0 -63903
16777215 8411674 192 488765 0 10030574 0 0 -63317
16777215 8406856 192 508893 0 10029364 0 0 -62731
16777215 8402097 192 529024 0 10028166 0 0 -62149
16777215 8396209 192 549152 0 10026980 0 0 -61563
14626482 8392653 192 569281 0 10025806 0 0 -60972
11733661 8391270 192 589408 0 10024643 0 0 -60391
11539561 8392680 192 609540 0 10023492 0 0 -59804
13873859 8396851 192 629668 0 10022354 0 0 -59218
16777215 8402172 192 649798 4 10021226 0 0 -58632
16777215 8408096 192 669927 4 10020111 0 0 -58045
16777215 8411535 192 690055 0 10019007 0 0 -57464
16777215 8412917 192 710184 0 10017915 0 0 -56878
16777215 8411331 192 730313 0 10016836 0 0 -56287
16777215 8407197 192 750442 0 10015767 0 0 -55706
16777215 8402283 192 770571 4 10014711 0 0 -55119
16777215 8396747 192 790700 4 10013667 0 0 -54528
14928657 8392899 192 810830 4 10012634 0 0 -53942
11769069 8390956 192 830961 4 10011613 0 0 -53360
11063782 8392025 192 851089 4 10010603 0 0 -52774
13247678 8396325 192 871218 0 10009606 0 0 -52188
16777215 8400748 192 891347 0 10008620 0 0 -51602
16777215 8406017 192 911476 0 10007647 0 0 -51010
16777215 8409542 192 931605 4 10006687 0 0 -50419
16777215 8412429 192 951734 4 10005781 0 0 -49610
16777215 8413165 192 971863 4 10004940 0 0 -48541
16777215 8413030 192 991992 4 10004166 0 0 -47200
16777215 8411368 193 12122 4 10003457 0 0 -45591
16777215 8408833 193 32251 4 10002815 0 0 -43708
16777215 8406991 193 52379 0 10002239 0 0 -41552
16777215 8404392 193 72507 0 10001728 0 0 -39138
16777215 8403723 193 92635 0 10001284 0 0 -36445
16777215 8401615 193 112764 0 10000906 0 0 -33489
16777215 8401872 193 132893 0 10000593 0 0 -30275
16777215 8402121 193 153023 0 10000347 0 0 -26996
16777215 8404899 193 173150 0 10000166 0 0 -23717
16777215 8407805 193 193279 0 10000051 0 0 -20443
16777215 8410524 193 213408 0 10000003 0 0 -17160
16777215 8411861 193 233537 32 10000000 0 0 -13985
